on -19 34 -11 39 -31 17
on -15 35 -32 21 -32 21
on -40 7 -34 14 -19 29
on -5 49 -4 45 -9 42
on -12 41 -41 13 -16 31
on -45 7 -33 12 -31 21
on -45 4 -39 15 -4 46
on -43 8 -24 23 -4 48
on -7 37 -30 14 -10 43
on -1 49 -28 16 -33 18
off 18 31 -31 -16 31 47
on -33 17 -35 11 -38 8
off -20 -5 -3 9 33 42
on -46 5 -18 28 -43 2
off -25 -11 23 41 -29 -19
on -26 18 -16 38 -41 11
off 27 37 33 49 9 19
on -47 7 -14 38 -18 31
off 30 43 -1 14 -31 -13
on -14 35 -12 32 -36 12
on -59098 -54199 -36078 -10444 46892 52510
on -27877 -18112 70267 89349 24999 39366
on -36199 -8602 71195 76809 -10503 21476
on 5670 27742 40598 69945 -65602 -48260
on 72870 94698 3175 34116 -35084 -6641
on 42062 73209 16936 47551 27491 47444
on 60667 98752 1362 4305 -9529 3882
on 45435 83681 14269 42805 23977 43631
on -46969 -11204 -64874 -37542 -61510 -42452
on 43808 73893 -36487 459 -68152 -47496
on 37020 45175 48507 58722 -54528 -34326
on -17084 -876 42099 53103 47373 64568
on -82175 -76501 -26365 -2406 -7654 9822
on 32513 38412 27812 36559 51447 68333
on -52250 -24236 65974 75215 -20853 13104
on 59752 89340 -28907 -10856 -28457 -10862
on -4766 19655 70212 86760 -29495 -16204
on 44263 65389 35931 66282 -25110 -4764
on -8987 3590 -79369 -48301 -53184 -37866
on -26344 -2237 52535 69575 -47219 -35605
on -73002 -55013 19533 26644 -34236 -13662
on 55117 76298 -20895 -9151 -47690 -30277
on 25936 49385 57225 88869 20494 38786
on -73071 -44427 39596 53730 23471 46680
on 22705 51213 29107 58220 -70852 -43228
on 43020 56977 -71759 -53804 -9780 11526
on -92967 -62567 -41659 -19961 -9970 272
on -13914 5860 -95996 -77759 -17914 1599
on 17450 43800 -49834 -30971 50562 71131
on -6689 5639 63615 85399 -15384 18541
on -4491 3421 66426 99325 -9454 5054
on -39886 -23027 55524 90783 -23238 -4182
on 52315 59823 -33854 -3180 -59484 -38381
on -66585 -48438 -43163 -27947 -58079 -41227
on 64211 72747 -30345 -10551 25389 43795
on 2816 12511 -37164 -24081 71850 91940
on -88169 -70088 -12717 6914 2334 21316
on -54584 -26709 -36480 -14684 59274 70111
on -13532 557 -205 35666 75595 80426
on 19930 37164 39934 75706 28842 56488
on -63919 -57607 37342 65169 5453 23613
on 33971 53982 -70776 -40917 -27539 -1882
on 43686 66086 -46761 -39687 44445 52406
on -71484 -52837 22244 33012 -71055 -50941
on 29947 49592 -61876 -44047 29105 46580
on 18688 22615 64530 90273 -17792 939
on -68324 -37052 56041 74288 8355 22305
on 10878 26340 -70763 -47532 -49441 -34903
on -67797 -57357 -46794 -16810 27958 33447
on -49245 -18622 1872 29334 -70708 -68379
on -55120 -35928 -47503 -29566 43350 68375
on 17212 42969 -44068 -19902 -70311 -58563
on 63690 70279 -25612 -18742 27291 36553
on -87590 -61505 -44340 -25001 -32367 -11725
on 2625 24899 39005 55211 -82340 -54059
on -89425 -59112 18434 25030 -46932 -26634
on 35323 45535 -60130 -38939 -60110 -42119
on -4814 -358 -44103 -17684 -94405 -57883
on -13427 -4497 -48843 -29609 -79884 -51513
on -9291 20633 71345 84379 15412 35350
on 36785 59221 -49946 -18440 -46415 -26142
on -23961 261 -14293 15841 -93639 -67235
on -17719 12173 -71812 -52704 54163 78859
on 44182 59057 45340 79313 -10220 -6319
on -2843 12323 -33462 -11957 -80379 -64630
on -81675 -54981 -6441 17303 35935 60630
on -60272 -53534 33541 52449 -51823 -19233
on -27560 -1884 -9395 6897 61463 81890
on -57045 -48013 -17416 7911 -68242 -47283
on 23125 37639 64602 73141 -30190 -12051
on -43025 -28324 51390 64862 -49113 -20014
on 28856 35405 57558 78950 -5602 28787
on -70341 -31710 40298 59309 6507 36179
on -67990 -55020 3487 33802 -51949 -23503
on 47457 72323 -24534 842 -56293 -33919
on 17679 26568 -34474 -18848 62305 89257
on 64358 89300 -18712 -2306 33898 41151
on 48517 61626 39311 56615 -51638 -26634
on -88710 -67483 -37791 -918 -1918 3921
on 42065 70342 -37912 -8549 32217 66982
on -22591 -9949 45917 57215 49681 68258
on 9241 25317 -98314 -61829 -11840 14020
on -47564 -12683 -79911 -63051 28932 45008
on -48808 -16559 -60171 -32211 -68624 -39470
on 37222 53313 33030 57532 -62535 -30746
on -67909 -48455 34768 67713 -35566 -6793
on -2307 13432 -89925 -67021 -25882 -10089
on 74196 93829 -15279 16676 -11896 21464
on 58433 69747 -17038 37 32575 67296
on 8070 33285 9673 17198 -77896 -66759
on -3941 15456 -92068 -71888 -10308 9493
on -31149 -19195 -28467 -19598 -84559 -64484
on -69825 -55564 -32784 -4890 -63631 -37483
on 41550 71029 -51074 -35255 -38725 -20037
on 45379 57996 -62858 -48569 10594 36776
on -69604 -52934 27551 61689 -11551 15578
on -13620 -7061 61054 79199 -28439 -7246
on -82714 -68722 14288 42630 11793 36355
on -33531 -19670 -34614 -14238 -71888 -60534
on -66171 -44171 -60460 -35817 -55303 -41630
on -87267 -60127 -16967 2819 8187 19368
on -62180 -23369 -79951 -49989 6888 43235
on 62229 93782 -37627 -9892 -7514 1429
on 3981 27276 75047 95023 18308 32415
on 48151 60010 -53092 -42268 -29379 -12134
on 34817 53096 -85363 -65051 5313 18615
on -77424 -58447 15242 34843 -48702 -34960
on -42681 -21406 -36934 -20529 -82620 -50107
on -38142 -20238 5145 20098 55486 74251
on 44800 80857 29980 44630 -48416 -16873
on -17219 -12208 -59887 -31642 -65808 -56543
on -59375 -47356 28834 59001 -45917 -30002
on -33073 -15994 -79377 -51857 30048 45424
on -77885 -52881 -43375 -18076 4016 24615
on 36521 59118 -16766 9582 -66726 -47308
on -85690 -57260 -4651 7321 19411 45193
on -62070 -47892 36066 62603 22188 45696
on 8961 34891 -16146 7496 62247 88805
on -28486 -14449 -65681 -52807 49147 54288
on -23033 -8795 -84796 -54167 10129 40742
on -89925 -57178 -5455 3585 -29437 -21963
on -55347 -25240 -37233 -15236 62370 69135
on -81694 -70050 20783 35620 -6670 17309
on -49394 -41202 32637 42012 39464 55647
on 52794 80714 -39271 -26285 25847 49565
on -5414 17111 75715 92362 -29360 2348
on 51843 68450 -44430 -19585 -64186 -28576
on -7106 14373 46248 76091 41486 56884
on 62691 87551 3020 28200 -47144 -26150
on 62737 89578 25428 36367 5108 23571
on 62371 96177 -3335 10416 -31008 -993
on 23689 50019 -77893 -48374 -1746 16212
on 36720 61786 62493 76554 3558 16466
on -43499 -10856 -5157 13801 56719 87246
on 71377 95124 -12942 5453 -22566 -2054
on 13313 29289 -91157 -64116 -19071 -501
on 43432 62301 25636 53262 -48839 -23042
on -31563 -7640 54417 84266 37228 46940
on 31856 62211 55504 61421 23332 44440
on 44399 80862 -51423 -31825 -6242 18319
on -28519 -3990 52594 70772 -65807 -44848
on -9724 -460 43652 75978 -52806 -38091
on 67490 94367 2651 14846 -22010 6022
on -16606 14520 -51609 -21557 -88555 -65629
on 32684 47273 27102 57844 42749 72783
on -24755 -10821 -57166 -37430 -69311 -38247
on -78700 -41560 568 17609 48687 54165
on -71043 -55917 -42942 -17773 -39544 -13348
on 48353 76396 -48229 -29430 14452 40378
on 23904 57789 -59210 -43721 29384 58413
on 21617 36345 19363 53171 -67712 -52861
on 16787 39644 67674 91056 12943 30963
on 43440 73909 -55543 -31861 31951 58733
on -74641 -63270 4546 23905 -55146 -24432
on 523 17935 -58236 -22949 63815 73699
on -46878 -19691 -15704 18151 64593 81983
on 30966 50623 45791 66880 30953 46059
on -53118 -21940 57616 71564 19038 46156
on 41751 61849 36346 70634 -28619 -14533
on 66663 76349 20615 26579 -34717 -12052
on -26878 -8362 31779 63544 49296 79529
on 38544 59591 -64826 -53405 -17048 6720
on -61193 -38177 60567 80984 -32930 -9165
on 48633 71237 -56887 -28873 13678 48109
on -45551 -30575 53941 72643 26636 42876
on -12142 18790 -70973 -49874 44337 60261
on -47504 -30152 46140 57887 42897 57651
on 27293 50991 -78875 -59933 -15272 2611
on 51653 59715 -50085 -21490 -54510 -32190
on -58658 -42215 31240 68666 22959 55621
on -45469 -18261 16479 18953 -75997 -62954
on -9078 12164 -78898 -71337 998 24630
on 63101 83965 -20274 58 2391 21672
on -41561 -19541 -66162 -37759 -55545 -44527
on 35291 64181 -62599 -37129 -33683 -23288
on -69038 -57260 16514 40726 36721 45940
on 33554 54239 10593 27924 -79200 -50486
on -78071 -50564 -60483 -36505 3214 20837
on 62543 88692 -18735 12482 -29114 -5642
on -32894 -3856 46981 69707 -54140 -36064
on -64735 -59656 -47725 -41114 -26276 -18682
on 64719 80050 -51101 -25281 -17373 4419
on -5739 16903 -17827 3127 -96254 -58503
on 63956 69471 -38139 -6425 22998 42384
on 32333 67208 -50313 -27901 48788 54534
on 11270 30777 -86653 -69617 4149 40145
on 25978 37014 -64446 -48354 -48232 -32898
on -16753 7059 -350 17415 -92045 -66260
on -17727 -2551 8835 25187 62431 81464
on -75190 -58052 -36005 -3922 34847 61549
on -45729 -27190 56180 79317 -35357 -8980
on -49376 -26947 48754 66522 23608 34879
on 64859 85219 27440 39066 -43956 -8145
on -60007 -39374 54210 62426 3353 16848
on 18947 28826 -88449 -54559 11947 38432
on -30579 53 67549 90488 -42745 -15393
on -8066 20682 7849 31697 -97082 -59252
on 37088 49520 15985 51416 -66403 -48244
on 26928 32836 -44516 -23368 66847 83277
on -7421 9540 -86002 -53529 -45327 -25432
off 21171 43342 43600 70730 -44537 -29259
off 28834 60225 20872 46144 -67457 -46855
on -76768 -67266 -36680 -9725 -20933 -3814
on 57826 87820 34686 46578 -31846 -12470
off -75545 -59672 9294 18747 31753 49646
off -72004 -39663 -38406 -13067 -69344 -45945
on -35108 -19697 -710 19806 56128 74660
on -33017 -11329 -18693 16441 -84085 -66706
on 42244 61618 38985 59543 -62155 -46459
off -11929 13433 -13136 4490 67712 88419
on -34577 -29245 -78776 -66859 -4269 9096
on 40056 68507 44668 68150 -52234 -23728
on 40940 61674 -57100 -39643 -33484 -3506
on -46880 -27342 -89708 -65095 2093 18886
on 6136 22345 -34592 -3205 64367 85234
off -92312 -71701 -8621 -4551 -42622 -21109
off 37479 46418 -57923 -44720 -54172 -46496
on -7711 22135 47062 74312 -53885 -39933
on -2774 29297 -74620 -63510 23767 39217
off -32631 -7055 -39158 -28499 -71721 -56833
on 3853 25857 -91702 -68553 5946 28238
on -81450 -51565 7488 34250 21030 56644
off 12729 26296 -36888 -18557 58041 75851
on 3081 23850 -37010 -34986 51856 78728
on -8482 18019 2049 24864 -89692 -66091
on -50987 -11878 -36403 1022 68212 88871
off -9491 4983 60803 74334 19868 45969
on -70369 -65478 -3768 4519 -50516 -34155
on -64531 -54039 -59856 -37011 16022 35179
off 37930 67059 23138 42347 -47934 -44981
off -62650 -43766 5560 26415 44278 73492
on -80852 -68223 -10460 7561 -49250 -29250
on 53601 68851 -3634 22127 35358 44932
off -11360 17713 42262 61745 57904 63425
off 15541 48724 -93903 -55948 -1438 6701
on -24050 1833 33541 63538 58934 61743
on -61955 -41645 -48446 -30540 33232 64532
on -65569 -51577 16989 44017 -55876 -35431
on 37750 40302 60589 67563 -46903 -27707
off -69948 -50611 -60995 -30473 -30508 5182
off 56272 79605 -28320 -10079 38212 50527
off -46630 -39973 60326 76082 766 19423
on -58147 -52450 -47140 -37545 31756 45365
off 41454 42604 -67636 -53898 -22281 4083
on -4733 3987 -766 21126 -83424 -73479
off 17976 29873 46315 62691 38819 60685
off 18430 29796 61474 71431 21324 32804
off -56056 -43844 47705 63799 -41231 -17044
off -55933 -47453 48778 54155 19992 34341
off -48245 -41433 43513 62978 -3653 20088
on 6461 13889 -81039 -79149 -14585 4962
on -69050 -49650 -22855 6994 32836 42708
on 58772 69944 -9538 12087 28708 50878
on 17791 40756 -63904 -41943 44622 60328
on -78675 -51325 41871 58847 -15306 8123
off 2263 15004 39548 60570 -68587 -59279
on -33100 3331 -83947 -67360 -15106 -1806
off -31409 -9529 55397 81743 -56424 -28254
on -13784 2331 -67571 -53526 -65962 -41705
on 40677 56219 -57973 -44112 -43472 -21090
off -13363 10111 -70870 -55575 -64546 -50364
on -24853 -7051 -38256 -11975 -74191 -68319
off 60478 92070 -33878 -1301 14985 41428
off -3869 11794 71177 92408 -13823 1386
on -93950 -75095 -8417 -913 -14439 9125
on -42423 -21653 -79816 -64359 12851 31635
on -70511 -50141 -56049 -43420 -50913 -38091
on 41950 56196 1913 20130 -58878 -37702
on 18537 29844 -74545 -64974 10840 42337
on -80268 -57218 -39525 -26641 34474 45121
off -64546 -39280 -17791 2932 46226 64270
off 1873 22899 14549 21812 71868 78440
off 57057 69026 215 30849 31878 60483
on -71313 -42467 -46924 -43758 35354 59810
on -1282 30791 -39592 -10229 66079 77459
on -44183 -34221 10109 36205 -71186 -50886
off -28785 7160 5353 23591 70617 87893
off -78687 -53594 -34197 -7529 -57660 -38659
off -75289 -67577 -5873 11457 18281 51251
on 19495 50005 -27461 -19054 -76328 -69282
on -70381 -44457 -17461 -7070 -61361 -44344
off 36932 48688 25122 57915 34160 64590
off -27221 -11459 -30644 -10029 54242 83644
off 12779 46433 24340 44805 -84461 -51854
off -67046 -59151 4825 35205 47623 66463
off -97573 -62820 -18631 -7608 -13694 3266
off -9773 13706 35968 49394 54915 79490
off -80035 -63459 -38604 -17335 -47413 -15606
off -84686 -65929 -47609 -25275 -22369 -6615
off -1663 11210 -86941 -58921 17182 42998
off 12807 39038 -63335 -46664 -55524 -46519
on 10517 35096 23291 26533 -75061 -59360
off -26940 192 47326 71780 34180 65646
off -40363 -7024 64775 77624 26793 38194
on 26531 54922 31677 55272 -55277 -41507
on -14233 839 -95923 -77701 -12961 11536
on 52401 70761 -44649 -22702 -29368 -22355
on 73302 80940 11081 21008 4682 10745
off 22861 35821 -49865 -35191 -64292 -59380
on 50739 63819 35738 49018 39280 48173
off -45903 -18194 28991 46620 -81542 -54817
off -42502 -11638 -69861 -42841 36291 47257
off 50935 72318 50130 60488 2376 21483
on -83784 -58031 18816 40927 -35532 -20986
off -50444 -33183 53447 70976 8957 28866
off -54114 -33924 36074 62755 17444 45108
off 47779 78387 -10385 8134 -67291 -35838
on 76529 83441 20059 27231 -3353 13379
on -50905 -17638 -75063 -58273 -9660 5085
on 49971 71362 51212 59675 -2711 31745
off -36237 -19216 -83245 -65446 4653 38301
on -16511 5899 53293 76596 15657 44625
on -5044 9853 42277 55657 64254 76139
on -48991 -30017 49410 82020 4049 14015
off -22524 -9108 -86217 -66212 -1520 19109
on -14709 3269 -89533 -72352 7063 31581
off -32472 -15491 -71576 -55289 -55423 -33575
on 54950 83891 -13 34152 7994 35938
on -49556 -31194 -16759 14963 -70295 -55118
off 32139 57146 -47085 -26911 -47634 -35141
on -12427 19691 -45935 -34330 60411 85048
off -52091 -43589 28711 42709 39186 67227
off -86696 -69514 13431 29128 -37451 -4348
on -86476 -58477 125 37383 -50237 -33644
off -10305 10015 -70962 -58680 -47678 -37286
off 1373 10300 -31967 -11312 74006 92381
off -92694 -70914 -22526 -9968 5467 24284
on 62662 67632 -7280 25133 25679 47697
off -73340 -50134 29767 43164 30189 62773
on -67717 -45995 44563 56380 12380 35116
on -64863 -45164 -27774 -17650 -64480 -36208
off 46269 63377 -55139 -21162 44042 62965
off -75103 -61280 14466 25566 20484 26728
on 29048 63862 31794 55186 -59678 -36835
off -68839 -47994 -28337 -11192 52466 63463
off -21751 -3617 41899 63046 -66479 -39600
off -24166 -731 -46616 -31811 57142 75183
on 33864 72148 -76244 -47923 -17466 17516
on 48616 53075 -71522 -46786 6422 22313
on 22746 38869 -78913 -68020 -12111 -3397
off -70246 -55659 -5047 15291 32628 48897
off -80505 -48137 -27292 -14364 -61081 -26049
off -34713 -19690 -80748 -72537 -30114 -1247
off 2988 22819 42491 54211 46268 75523
off 27855 30974 -57619 -27495 53012 79570
on 62404 76819 -37047 -6605 17174 49353
on 68656 91897 -35364 -19760 -8393 17848
on 42354 50887 26734 49785 54988 75309
on 53927 64351 37674 64165 -12402 9618
on -24852 -3835 59299 78561 1549 18700
off -58554 -27017 4321 24113 -67493 -57072
off -94076 -79397 -6402 14533 -2492 20821
off 35556 51307 28275 47038 28927 53644
on 1614 32610 -70596 -50527 -48363 -32598
off 8278 10659 -28686 -11265 71479 95243
off 54458 73574 -45424 -20113 -27876 -9517
off 44002 64933 42915 64356 1168 19620
off -33034 -17929 -63446 -44805 46813 75261
on -66817 -50915 -19046 2976 -63652 -51743
on 6944 39083 -89407 -60846 23895 39294
on 9665 39610 -86197 -71089 4244 26707
on 5139 12993 -54118 -27647 -74064 -61539
off 8042 33978 51771 57684 -69501 -45957
off -87428 -55736 -45210 -24412 -35544 -24693
on -53808 -47076 38658 62028 -47689 -26177
on -62784 -48131 -40864 -25128 -57697 -30921
off 38125 52010 46398 71465 12924 31530
on -67337 -29923 -46265 -32259 29819 54750
on 70737 89485 -15063 -975 -41260 -18114
off 35055 56991 -38897 -10093 -70659 -53894
off 23935 38898 19334 29134 -75723 -63573
on -61930 -55638 32552 37547 -43811 -28898
on 19668 46063 -78887 -54816 16811 53472
off -70470 -51017 -42135 -31484 23415 38687
on -30299 -23450 -92434 -69752 -15152 -1629
on 29338 66072 -31507 -13507 -66713 -56472
off -89031 -61324 -6717 27375 -29030 2568
on 64795 79128 -23842 -6104 7907 23618
on 5988 17487 7275 33464 -77401 -64098
off 14528 41401 -1581 18384 66950 75742
on 13542 24627 57417 81038 22402 44898
off 43349 64206 -6688 12717 39318 51391
on 30075 43865 -72039 -49539 -56523 -33714
off -42699 -24488 16572 44053 53996 69197
on 75851 95846 -4190 15450 -16189 224
on -32168 -17634 50341 68457 38497 54407
on 66686 78264 13880 35279 8716 17040
off 2050 24083 -88338 -70203 -44907 -8107
off -56347 -37562 -63048 -54292 -24767 -5750
on -77758 -53310 11828 40043 -64308 -48014
on 32514 52495 -66819 -51196 23118 32227
on 60796 74791 45512 60873 -9921 8770
off 50888 75211 1882 24963 -52276 -33274
on -36740 -22885 -75376 -61774 -21797 9467
off 50488 61801 49917 55978 -17192 11239
on -50908 -40107 59280 71015 -19951 -1783
off -46980 -35121 50260 77700 -29509 -6721
on -81806 -66229 7652 27303 13204 34724
on -67978 -54278 -67528 -33530 20917 39371
on 33071 41843 -81981 -57917 6776 21471
